===================================
======== Ending Statistics ========
             Dead:       3533
        Recovered:     128032
       Unaffected: 7529868382
   Still Infected:         51

   Coeficients
   cS: 5.025918e-01
   cR: 7.606004e-03
   cD: 7.322536e-03
   tS: 8.679825e-02
   tR: 4.204351e-02
   tD: 6.086292e-02

   Fit Statistics
     SSE = 3.646843e-12
     SST = 1.122757e-09
      r2 = 9.967519e-01
   r2adj = 9.965467e-01
===================================
