===================================
======== Ending Statistics ========
             Dead:        510
        Recovered:       5002
       Unaffected: 7529994486
   Still Infected:          0

   Coeficients
   cS: 4.987609e-01
   cR: 3.140785e-03
   cD: 1.154350e-02
   tS: 3.093400e-02
   tR: 5.491395e-04
   tD: 8.358569e-04

   Fit Statistics
     SSE = 7.911382e-14
     SST = 2.589191e-11
      r2 = 9.969445e-01
   r2adj = 9.963715e-01
===================================
