===================================
======== Ending Statistics ========
             Dead:       3299
        Recovered:     143977
       Unaffected: 7529852722
   Still Infected:          0

   Coeficients
   cS: 4.766407e-01
   cR: 6.447713e-03
   cD: 8.694588e-03
   tS: 7.948626e-02
   tR: 5.208810e-02
   tD: 7.079608e-02

   Fit Statistics
     SSE = 2.837694e-12
     SST = 5.222695e-10
      r2 = 9.945666e-01
   r2adj = 9.941074e-01
===================================
