===================================
======== Ending Statistics ========
             Dead:       3309
        Recovered:     140503
       Unaffected: 7529856186
   Still Infected:          0

   Coeficients
   cS: 4.800189e-01
   cR: 6.389902e-03
   cD: 8.512376e-03
   tS: 8.055970e-02
   tR: 5.245350e-02
   tD: 6.946798e-02

   Fit Statistics
     SSE = 2.899944e-12
     SST = 5.952952e-10
      r2 = 9.951286e-01
   r2adj = 9.947336e-01
===================================
