===================================
======== Ending Statistics ========
             Dead:       1490
        Recovered:      77419
       Unaffected: 7529921090
   Still Infected:          0

   Coeficients
   cS: 5.419043e-01
   cR: 2.512273e-03
   cD: 1.109680e-02
   tS: 1.033295e-01
   tR: 1.227622e-01
   tD: 1.085011e-01

   Fit Statistics
     SSE = 2.780981e-13
     SST = 1.018472e-10
      r2 = 9.972695e-01
   r2adj = 9.969209e-01
===================================
