===================================
======== Ending Statistics ========
             Dead:       3599
        Recovered:     143097
       Unaffected: 7529853303
   Still Infected:          0

   Coeficients
   cS: 4.816257e-01
   cR: 1.030267e-02
   cD: 8.402699e-03
   tS: 8.036221e-02
   tR: 3.002729e-02
   tD: 6.660731e-02

   Fit Statistics
     SSE = 9.953024e-12
     SST = 1.778577e-09
      r2 = 9.944039e-01
   r2adj = 9.941145e-01
===================================
