===================================
======== Ending Statistics ========
             Dead:       1919
        Recovered:      81083
       Unaffected: 7529916996
   Still Infected:          0

   Coeficients
   cS: 5.404112e-01
   cR: 3.406778e-03
   cD: 9.155927e-03
   tS: 1.027846e-01
   tR: 9.722094e-02
   tD: 8.535529e-02

   Fit Statistics
     SSE = 2.756564e-13
     SST = 1.530886e-10
      r2 = 9.981994e-01
   r2adj = 9.979955e-01
===================================
