===================================
======== Ending Statistics ========
             Dead:        609
        Recovered:       5913
       Unaffected: 7529993477
   Still Infected:          0

   Coeficients
   cS: 4.855572e-01
   cR: 2.941606e-03
   cD: 1.046050e-02
   tS: 2.872298e-02
   tR: 5.813413e-04
   tD: 6.753555e-04

   Fit Statistics
     SSE = 2.328773e-13
     SST = 4.713189e-11
      r2 = 9.950590e-01
   r2adj = 9.942789e-01
===================================
