===================================
======== Ending Statistics ========
             Dead:       3492
        Recovered:     127991
       Unaffected: 7529868493
   Still Infected:         22

   Coeficients
   cS: 5.018074e-01
   cR: 7.327511e-03
   cD: 7.404318e-03
   tS: 8.665762e-02
   tR: 4.394233e-02
   tD: 6.159414e-02

   Fit Statistics
     SSE = 3.606114e-12
     SST = 1.044375e-09
      r2 = 9.965471e-01
   r2adj = 9.963219e-01
===================================
