===================================
======== Ending Statistics ========
             Dead:       3557
        Recovered:     128544
       Unaffected: 7529867791
   Still Infected:        105

   Coeficients
   cS: 5.025774e-01
   cR: 7.913429e-03
   cD: 7.319125e-03
   tS: 8.669426e-02
   tR: 4.016062e-02
   tD: 6.076520e-02

   Fit Statistics
     SSE = 3.686257e-12
     SST = 1.203061e-09
      r2 = 9.969359e-01
   r2adj = 9.967483e-01
===================================
