===================================
======== Ending Statistics ========
             Dead:       3639
        Recovered:     146848
       Unaffected: 7529849512
   Still Infected:          0

   Coeficients
   cS: 4.771541e-01
   cR: 1.121772e-02
   cD: 8.580294e-03
   tS: 7.893477e-02
   tR: 2.683967e-02
   tD: 6.715914e-02

   Fit Statistics
     SSE = 1.280110e-11
     SST = 1.895975e-09
      r2 = 9.932483e-01
   r2adj = 9.929079e-01
===================================
