===================================
======== Ending Statistics ========
             Dead:       3356
        Recovered:     136434
       Unaffected: 7529860208
   Still Infected:          0

   Coeficients
   cS: 4.848901e-01
   cR: 6.401116e-03
   cD: 8.158024e-03
   tS: 8.204791e-02
   tR: 5.212659e-02
   tD: 6.685541e-02

   Fit Statistics
     SSE = 3.036626e-12
     SST = 6.681716e-10
      r2 = 9.954553e-01
   r2adj = 9.951012e-01
===================================
