===================================
======== Ending Statistics ========
             Dead:       2571
        Recovered:     113503
       Unaffected: 7529883925
   Still Infected:          0

   Coeficients
   cS: 4.920507e-01
   cR: 4.317282e-03
   cD: 8.987684e-03
   tS: 8.566172e-02
   tR: 8.072035e-02
   tD: 7.636784e-02

   Fit Statistics
     SSE = 2.053842e-12
     SST = 2.035698e-10
      r2 = 9.899109e-01
   r2adj = 9.888299e-01
===================================
