===================================
======== Ending Statistics ========
             Dead:       1722
        Recovered:      80447
       Unaffected: 7529917829
   Still Infected:          0

   Coeficients
   cS: 5.389705e-01
   cR: 3.002197e-03
   cD: 1.002233e-02
   tS: 1.023060e-01
   tR: 1.075371e-01
   tD: 9.544051e-02

   Fit Statistics
     SSE = 2.799273e-13
     SST = 1.262328e-10
      r2 = 9.977825e-01
   r2adj = 9.975163e-01
===================================
