===================================
======== Ending Statistics ========
             Dead:       3683
        Recovered:     150871
       Unaffected: 7529845444
   Still Infected:          0

   Coeficients
   cS: 4.721911e-01
   cR: 1.207772e-02
   cD: 8.756833e-03
   tS: 7.742648e-02
   tR: 2.409983e-02
   tD: 6.760908e-02

   Fit Statistics
     SSE = 1.648381e-11
     SST = 2.021322e-09
      r2 = 9.918450e-01
   r2adj = 9.914440e-01
===================================
