===================================
======== Ending Statistics ========
             Dead:       3553
        Recovered:     136549
       Unaffected: 7529859896
   Still Infected:          0

   Coeficients
   cS: 4.906498e-01
   cR: 9.072579e-03
   cD: 7.995169e-03
   tS: 8.310057e-02
   tR: 3.487754e-02
   tD: 6.483219e-02

   Fit Statistics
     SSE = 5.996450e-12
     SST = 1.564197e-09
      r2 = 9.961664e-01
   r2adj = 9.959573e-01
===================================
