===================================
======== Ending Statistics ========
             Dead:       3393
        Recovered:     132978
       Unaffected: 7529863627
   Still Infected:          0

   Coeficients
   cS: 4.888814e-01
   cR: 6.304528e-03
   cD: 7.859007e-03
   tS: 8.329028e-02
   tR: 5.278702e-02
   tD: 6.453897e-02

   Fit Statistics
     SSE = 3.192655e-12
     SST = 7.411932e-10
      r2 = 9.956925e-01
   r2adj = 9.953695e-01
===================================
