===================================
======== Ending Statistics ========
             Dead:       3563
        Recovered:     139400
       Unaffected: 7529857036
   Still Infected:          0

   Coeficients
   cS: 4.856307e-01
   cR: 9.231937e-03
   cD: 8.196147e-03
   tS: 8.175006e-02
   tR: 3.422529e-02
   tD: 6.578956e-02

   Fit Statistics
     SSE = 7.743948e-12
     SST = 1.667948e-09
      r2 = 9.953572e-01
   r2adj = 9.951107e-01
===================================
