===================================
======== Ending Statistics ========
             Dead:       3749
        Recovered:     155603
       Unaffected: 7529840647
   Still Infected:          0

   Coeficients
   cS: 4.673967e-01
   cR: 1.348219e-02
   cD: 8.908457e-03
   tS: 7.582890e-02
   tR: 2.005578e-02
   tD: 6.775419e-02

   Fit Statistics
     SSE = 2.127930e-11
     SST = 2.157394e-09
      r2 = 9.901366e-01
   r2adj = 9.896631e-01
===================================
