===================================
======== Ending Statistics ========
             Dead:       1276
        Recovered:      73580
       Unaffected: 7529925143
   Still Infected:          0

   Coeficients
   cS: 5.523247e-01
   cR: 2.555115e-03
   cD: 1.244727e-02
   tS: 1.070675e-01
   tR: 1.210629e-01
   tD: 1.253114e-01

   Fit Statistics
     SSE = 2.437468e-13
     SST = 7.967212e-11
      r2 = 9.969406e-01
   r2adj = 9.965234e-01
===================================
