===================================
======== Ending Statistics ========
             Dead:       3553
        Recovered:     129565
       Unaffected: 7529866744
   Still Infected:        136

   Coeficients
   cS: 5.010767e-01
   cR: 8.038895e-03
   cD: 7.417307e-03
   tS: 8.624013e-02
   tR: 3.945230e-02
   tD: 6.145221e-02

   Fit Statistics
     SSE = 3.824178e-12
     SST = 1.286523e-09
      r2 = 9.970275e-01
   r2adj = 9.968509e-01
===================================
