===================================
======== Ending Statistics ========
             Dead:       3431
        Recovered:     148833
       Unaffected: 1385847735
   Still Infected:          0

   Coeficients
   cS: 4.897988e-01
   cR: 2.283467e-02
   cD: 1.013588e-02
   tS: 7.637925e-02
   tR: 1.139314e-03
   tD: 7.320816e-02

   Fit Statistics
     SSE = 5.924380e-10
     SST = 8.532136e-08
      r2 = 9.930564e-01
   r2adj = 9.927976e-01
===================================
