===================================
======== Ending Statistics ========
             Dead:    6280895
        Recovered:   17927786
       Unaffected:   58581318
   Still Infected:          0

   Coeficients
   cS: 2.892219e-01
   cR: 1.767970e-03
   cD: 6.196737e-04
   tS: 2.744835e-02
   tR: 3.475622e-13
   tD: 8.671678e-07

   Fit Statistics
     SSE = 6.614474e-11
     SST = 2.417450e-08
      r2 = 9.972639e-01
   r2adj = 9.964430e-01
===================================
