===================================
======== Ending Statistics ========
             Dead:     204260
        Recovered:     332261
       Unaffected:   59943478
   Still Infected:          0

   Coeficients
   cS: 4.691378e-01
   cR: 1.705970e-02
   cD: 1.482568e-02
   tS: 4.328318e-02
   tR: 1.042476e-31
   tD: 4.025309e-03

   Fit Statistics
     SSE = 3.722186e-09
     SST = 3.459104e-06
      r2 = 9.989239e-01
   r2adj = 9.988462e-01
===================================
