===================================
======== Ending Statistics ========
             Dead:     150765
        Recovered:     186655
       Unaffected:   60142578
   Still Infected:          0

   Coeficients
   cS: 4.895925e-01
   cR: 1.634080e-02
   cD: 1.319862e-02
   tS: 4.830261e-02
   tR: 7.508019e-32
   tD: 5.628890e-12

   Fit Statistics
     SSE = 4.831365e-09
     SST = 2.019598e-06
      r2 = 9.976078e-01
   r2adj = 9.974214e-01
===================================
