===================================
======== Ending Statistics ========
             Dead:     150066
        Recovered:     189029
       Unaffected:   60140903
   Still Infected:          0

   Coeficients
   cS: 4.865117e-01
   cR: 1.712958e-02
   cD: 1.359895e-02
   tS: 4.760478e-02
   tR: 4.155138e-14
   tD: 2.297986e-07

   Fit Statistics
     SSE = 2.746469e-09
     SST = 8.534994e-07
      r2 = 9.967821e-01
   r2adj = 9.964982e-01
===================================
