===================================
======== Ending Statistics ========
             Dead:     176387
        Recovered:     227150
       Unaffected:   60076461
   Still Infected:          0

   Coeficients
   cS: 4.787401e-01
   cR: 1.771428e-02
   cD: 1.375545e-02
   tS: 4.554197e-02
   tR: 7.707840e-22
   tD: 6.555852e-13

   Fit Statistics
     SSE = 2.554479e-09
     SST = 1.140381e-06
      r2 = 9.977600e-01
   r2adj = 9.975707e-01
===================================
