===================================
======== Ending Statistics ========
             Dead:     173763
        Recovered:     303999
       Unaffected:   60002236
   Still Infected:          0

   Coeficients
   cS: 4.759028e-01
   cR: 1.657762e-02
   cD: 1.495110e-02
   tS: 4.482515e-02
   tR: 1.368028e-15
   tD: 5.300484e-03

   Fit Statistics
     SSE = 4.633686e-09
     SST = 4.374858e-06
      r2 = 9.989408e-01
   r2adj = 9.988669e-01
===================================
