===================================
======== Ending Statistics ========
             Dead:   19145300
        Recovered:  308054699
       Unaffected:          0
   Still Infected:          0

   Coeficients
   cS: 2.850006e-01
   cR: 1.461792e-03
   cD: 5.288529e-03
   tS: 1.154861e-05
   tR: 8.450067e-03
   tD: 2.246770e-02

   Fit Statistics
     SSE = 1.564750e-10
     SST = 2.079438e-08
      r2 = 9.924751e-01
   r2adj = 9.917469e-01
===================================
