===================================
======== Ending Statistics ========
             Dead:        266
        Recovered:      28445
       Unaffected:  327171287
   Still Infected:          0

   Coeficients
   cS: 2.704610e-01
   cR: 5.831223e-09
   cD: 1.539239e-02
   tS: 3.326530e-05
   tR: 8.096852e-01
   tD: 9.843619e-02

   Fit Statistics
     SSE = 1.603398e-12
     SST = 1.242360e-09
      r2 = 9.987094e-01
   r2adj = 9.985545e-01
===================================
