===================================
======== Ending Statistics ========
             Dead:   19131750
        Recovered:  308068249
       Unaffected:          0
   Still Infected:          0

   Coeficients
   cS: 2.849689e-01
   cR: 1.461798e-03
   cD: 5.290212e-03
   tS: 2.341079e-07
   tR: 8.455657e-03
   tD: 2.248127e-02

   Fit Statistics
     SSE = 1.563294e-10
     SST = 2.079438e-08
      r2 = 9.924821e-01
   r2adj = 9.917546e-01
===================================
