===================================
======== Ending Statistics ========
             Dead:       9933
       Unaffected: 7529306389
   Still Infected:          0

   Coeficients
   cS: 4.362275e-01
   cR: 1.101059e-01
   cD: 5.984746e-03
   tS: 1.689995e-03
   tR: 4.458160e-02
   tD: 1.601346e-04

   Fit Statistics
     SSE = 4.806706e-16
     SST = 9.338697e-14
      r2 = 9.948529e-01
   r2adj = 9.904411e-01
===================================
