===================================
======== Ending Statistics ========
             Dead:       3499
       Unaffected: 1385893651
   Still Infected:          0

   Coeficients
   cS: 5.401655e-01
   cR: 6.847847e-03
   cD: 8.556356e-03
   tS: 9.795622e-02
   tR: 2.142158e-09
   tD: 6.834824e-02

   Fit Statistics
     SSE = 2.650255e-10
     SST = 7.817517e-08
      r2 = 9.966099e-01
   r2adj = 9.964360e-01
===================================
