===================================
======== Ending Statistics ========
             Dead:       3421
        Recovered:     149827
       Unaffected: 1385846750
   Still Infected:          0

   Coeficients
   cS: 4.890663e-01
   cR: 2.341049e-02
   cD: 1.034891e-02
   tS: 7.609262e-02
   tR: 2.768409e-20
   tD: 7.411475e-02

   Fit Statistics
     SSE = 6.975308e-10
     SST = 9.086644e-08
      r2 = 9.923236e-01
   r2adj = 9.920478e-01
===================================
