===================================
======== Ending Statistics ========
             Dead:        877
       Unaffected:   66830440
   Still Infected:          0

   Coeficients
   cS: 4.168148e-01
   cR: 3.796419e-06
   cD: 9.999513e-01
   tS: 1.305754e-08
   tR: 3.144510e-01
   tD: 1.490324e-01

   Fit Statistics
     SSE = 1.247234e-08
     SST = 2.674350e-07
      r2 = 9.533631e-01
   r2adj = 9.493077e-01
===================================
