===================================
======== Ending Statistics ========
             Dead:     164996
        Recovered:     250128
       Unaffected:   60064874
   Still Infected:          0

   Coeficients
   cS: 4.791602e-01
   cR: 1.757184e-02
   cD: 1.427197e-02
   tS: 4.558604e-02
   tR: 6.142823e-14
   tD: 2.552974e-03

   Fit Statistics
     SSE = 2.653418e-09
     SST = 1.520007e-06
      r2 = 9.982543e-01
   r2adj = 9.981128e-01
===================================
