===================================
======== Ending Statistics ========
             Dead:     218011
       Unaffected:   60071182
   Still Infected:          0

   Coeficients
   cS: 5.603643e-01
   cR: 9.144293e-08
   cD: 1.822554e-02
   tS: 5.280136e-02
   tR: 3.392970e-02
   tD: 1.248407e-02

   Fit Statistics
     SSE = 4.342736e-09
     SST = 4.091413e-06
      r2 = 9.989386e-01
   r2adj = 9.988268e-01
===================================
