===================================
======== Ending Statistics ========
             Dead:     150764
        Recovered:     186655
       Unaffected:   60142579
   Still Infected:          0

   Coeficients
   cS: 4.895926e-01
   cR: 1.634080e-02
   cD: 1.319862e-02
   tS: 4.830262e-02
   tR: 1.064622e-34
   tD: 3.380248e-15

   Fit Statistics
     SSE = 4.831373e-09
     SST = 2.019598e-06
      r2 = 9.976078e-01
   r2adj = 9.974213e-01
===================================
