===================================
======== Ending Statistics ========
             Dead:      38450
       Unaffected:   59992417
   Still Infected:          0

   Coeficients
   cS: 6.105345e-01
   cR: 7.245492e-02
   cD: 2.299519e-02
   tS: 3.923283e-02
   tR: 3.462298e-03
   tD: 2.274036e-02

   Fit Statistics
     SSE = 5.684731e-09
     SST = 7.558855e-06
      r2 = 9.992479e-01
   r2adj = 9.991763e-01
===================================
