===================================
======== Ending Statistics ========
             Dead:     197923
        Recovered:     276196
       Unaffected:   60005879
   Still Infected:          0

   Coeficients
   cS: 4.735492e-01
   cR: 1.684913e-02
   cD: 1.407410e-02
   tS: 4.442063e-02
   tR: 8.507587e-27
   tD: 1.837753e-03

   Fit Statistics
     SSE = 3.994727e-09
     SST = 2.669822e-06
      r2 = 9.985037e-01
   r2adj = 9.983915e-01
===================================
