===================================
======== Ending Statistics ========
             Dead:      47421
       Unaffected:   60018381
   Still Infected:          0

   Coeficients
   cS: 5.999511e-01
   cR: 5.738567e-02
   cD: 2.106759e-02
   tS: 4.187332e-02
   tR: 2.704458e-03
   tD: 1.897852e-02

   Fit Statistics
     SSE = 5.516099e-09
     SST = 6.225272e-06
      r2 = 9.991139e-01
   r2adj = 9.990268e-01
===================================
