===================================
======== Ending Statistics ========
             Dead:     128429
       Unaffected:   60094868
   Still Infected:          0

   Coeficients
   cS: 5.655082e-01
   cR: 3.587948e-03
   cD: 1.871457e-02
   tS: 5.233334e-02
   tR: 1.021277e-02
   tD: 1.395034e-02

   Fit Statistics
     SSE = 4.782479e-09
     SST = 5.084881e-06
      r2 = 9.990595e-01
   r2adj = 9.989638e-01
===================================
