===================================
======== Ending Statistics ========
             Dead:    1967783
       Unaffected:   12511075
   Still Infected:          0

   Coeficients
   cS: 1.806998e-02
   cR: 5.222232e-03
   cD: 4.775645e-04
   tS: 2.738596e-05
   tR: 6.453335e-04
   tD: 4.588093e-19

   Fit Statistics
     SSE = 3.035540e-12
     SST = 1.688327e-07
      r2 = 9.999820e-01
   r2adj = 9.999763e-01
===================================
