===================================
======== Ending Statistics ========
             Dead:      10128
       Unaffected: 7529654661
   Still Infected:          0

   Coeficients
   cS: 4.334713e-01
   cR: 7.118065e-02
   cD: 1.271818e-02
   tS: 6.400451e-12
   tR: 6.887236e-02
   tD: 3.326028e-38

   Fit Statistics
     SSE = 1.549074e-13
     SST = 5.401694e-11
      r2 = 9.971322e-01
   r2adj = 9.966406e-01
===================================
