===================================
======== Ending Statistics ========
             Dead:       3085
       Unaffected:  326952086
   Still Infected:          0

   Coeficients
   cS: 2.839120e-01
   cR: 7.545538e-07
   cD: 3.730469e-03
   tS: 1.009052e-12
   tR: 4.507723e-01
   tD: 2.077894e-03

   Fit Statistics
     SSE = 2.661101e-10
     SST = 1.494651e-07
      r2 = 9.982196e-01
   r2adj = 9.979923e-01
===================================
