===================================
======== Ending Statistics ========
             Dead:      37551
        Recovered:    6631313
       Unaffected:  320531135
   Still Infected:          0

   Coeficients
   cS: 2.813686e-01
   cR: 9.146734e-05
   cD: 6.809147e-03
   tS: 2.667564e-07
   tR: 1.891353e-01
   tD: 3.683129e-02

   Fit Statistics
     SSE = 1.160782e-10
     SST = 5.907637e-09
      r2 = 9.803512e-01
   r2adj = 9.782459e-01
===================================
