===================================
======== Ending Statistics ========
             Dead:       2740
        Recovered:     341290
       Unaffected:  326855969
   Still Infected:          0

   Coeficients
   cS: 2.764896e-01
   cR: 1.128634e-05
   cD: 8.110145e-03
   tS: 1.596245e-06
   tR: 3.270183e-01
   tD: 4.621055e-02

   Fit Statistics
     SSE = 5.771442e-11
     SST = 2.819147e-09
      r2 = 9.795277e-01
   r2adj = 9.772101e-01
===================================
