===================================
======== Ending Statistics ========
             Dead:       1820
       Unaffected:  327051141
   Still Infected:          0

   Coeficients
   cS: 2.840201e-01
   cR: 4.346359e-09
   cD: 3.909657e-03
   tS: 2.362395e-21
   tR: 6.808075e-01
   tD: 4.938475e-03

   Fit Statistics
     SSE = 1.991506e-10
     SST = 9.310173e-08
      r2 = 9.978609e-01
   r2adj = 9.975757e-01
===================================
