===================================
======== Ending Statistics ========
             Dead:      70685
       Unaffected:  319905384
   Still Infected:          0

   Coeficients
   cS: 2.841086e-01
   cR: 1.128054e-04
   cD: 4.562979e-03
   tS: 2.220619e-06
   tR: 1.841716e-01
   tD: 1.283137e-02

   Fit Statistics
     SSE = 2.309159e-10
     SST = 5.853467e-08
      r2 = 9.960551e-01
   r2adj = 9.955046e-01
===================================
