===================================
======== Ending Statistics ========
             Dead:      48123
        Recovered:    8223339
       Unaffected:  318928537
   Still Infected:          0

   Coeficients
   cS: 2.813204e-01
   cR: 1.027873e-04
   cD: 6.564168e-03
   tS: 2.416937e-06
   tR: 1.823310e-01
   tD: 3.433801e-02

   Fit Statistics
     SSE = 1.162451e-10
     SST = 5.907637e-09
      r2 = 9.803229e-01
   r2adj = 9.782146e-01
===================================
