===================================
======== Ending Statistics ========
             Dead:    2364458
        Recovered:  297578956
       Unaffected:   27256584
   Still Infected:          0

   Coeficients
   cS: 2.839686e-01
   cR: 4.469615e-04
   cD: 6.327737e-03
   tS: 5.476187e-08
   tR: 8.615721e-02
   tD: 3.401413e-02

   Fit Statistics
     SSE = 1.489628e-10
     SST = 1.141385e-08
      r2 = 9.869490e-01
   r2adj = 9.856217e-01
===================================
