===================================
======== Ending Statistics ========
             Dead:   29214097
       Unaffected:          1
   Still Infected:          0

   Coeficients
   cS: 2.834713e-01
   cR: 2.272576e-07
   cD: 4.657300e-03
   tS: 1.101553e-39
   tR: 9.680050e-02
   tD: 1.461088e-02

   Fit Statistics
     SSE = 1.587029e-10
     SST = 3.511175e-08
      r2 = 9.954801e-01
   r2adj = 9.948186e-01
===================================
