===================================
======== Ending Statistics ========
             Dead:     288559
        Recovered:  326911432
       Unaffected:          0
   Still Infected:          7

   Coeficients
   cS: 2.716513e-01
   cR: 4.815637e-04
   cD: 1.458614e-02
   tS: 1.022720e-15
   tR: 1.516539e-23
   tD: 9.390511e-02

   Fit Statistics
     SSE = 1.025791e-12
     SST = 7.499738e-10
      r2 = 9.986322e-01
   r2adj = 9.984576e-01
===================================
