===================================
======== Ending Statistics ========
             Dead:      17209
        Recovered:     319363
       Unaffected: 7529663426
   Still Infected:          0

   Coeficients
   cS: 3.376835e-01
   cR: 2.346457e-02
   cD: 2.892567e-03
   tS: 4.373418e-02
   tR: 1.058910e-23
   tD: 1.089506e-02

   Fit Statistics
     SSE = 5.442941e-10
     SST = 6.738070e-09
      r2 = 9.192211e-01
   r2adj = 9.163188e-01
===================================
